1872340172105200000000000012244169126
1872340172075200000000000012244166126
1872340172075200000000000012244166126
1872340172165200000000000012244175126
1872340172115200000000000012244170126
1872340172185200000000000012244177126
1872340172165200000000000012244175126
1872340172215200000000000012244180126

1872340171995200000000000022087476126
1872340172065200000000000022087483126
1872340172135200000000000022087490126
1872340172095200000000000022087486126
1872340172095200000000000022087486126
1872340172155200000000000022087492126

187234017211520000000000003192107106126
